1 4
5 4
8 4
15 4
23 4
24 4
31 4
40 4
58 4
63 4
101 4
102 4
103 4
106 4
165 4
180 4
183 4
184 4
188 4
194 4
211 4
215 4
230 4
244 4
246 4
248 4
309 4
337 4
393 4
398 4
429 4
434 4
443 4
458 4
459 4
460 4
461 4
462 4
463 4
464 4
513 4
515 4
531 4
532 4
551 4
660 4
665 4
694 4
722 4
737 4
739 4
748 4
760 4
782 4
795 4
802 4
812 4
833 4
845 4
856 4
894 4
896 4
906 4
909 4
912 4
919 4
920 4
921 4
7 6
30 6
62 6
101 6
164 6
179 6
187 6
243 6
245 6
308 6
433 6
442 6
458 6
459 6
460 6
461 6
462 6
550 6
659 6
747 6
759 6
844 6
855 6
911 6
919 6
29 8
244 8
458 8
459 8
460 8
758 8
458 10
457 12