1
1
2
4
8
8
32
128
256
512
1024
6144
6144
6144
12288
49152
294912
589824
2359296
4718592
9437184
37748736
37748736
113246208
339738624
339738624
1358954496
4076863488
8153726976
16307453952
48922361856
97844723712
587068342272
1174136684544
2348273369088
9393093476352
18786186952704
37572373905408
150289495621632
300578991243264
601157982486528
1202315964973056
7213895789838336
28855583159353344
57711166318706688
115422332637413376
230844665274826752
923378661099307008
5540271966595842048
22161087866383368192
66483263599150104576
